{
  "accessors": [
    {
      "bufferView": 2,
      "componentType": 5126,
      "count": 1034,
      "max": [
        2.692500114440918,
        14.836211204528809,
        2.692500114440918
      ],
      "min": [
        -2.692500114440918,
        0.0,
        -2.692500114440918
      ],
      "type": "VEC3"
    },
    {
      "bufferView": 2,
      "byteOffset": 12408,
      "componentType": 5126,
      "count": 1034,
      "max": [
        1.0,
        1.0,
        1.0
      ],
      "min": [
        -1.0,
        -1.0,
        -1.0
      ],
      "type": "VEC3"
    },
    {
      "bufferView": 1,
      "componentType": 5126,
      "count": 1034,
      "max": [
        1.0,
        1.0
      ],
      "min": [
        0.0,
        0.0
      ],
      "type": "VEC2"
    },
    {
      "bufferView": 1,
      "byteOffset": 8272,
      "componentType": 5126,
      "count": 1034,
      "max": [
        0.5132379531860352,
        0.574181079864502
      ],
      "min": [
        0.48676207661628723,
        0.48676204681396484
      ],
      "type": "VEC2"
    },
    {
      "bufferView": 0,
      "componentType": 5125,
      "count": 3882,
      "type": "SCALAR"
    },
    {
      "bufferView": 2,
      "byteOffset": 24816,
      "componentType": 5126,
      "count": 3478,
      "max": [
        2.5981433391571045,
        2.2004706859588623,
        1.203028678894043
      ],
      "min": [
        -1.203028678894043,
        -1.4368587732315063,
        -1.203028678894043
      ],
      "type": "VEC3"
    },
    {
      "bufferView": 2,
      "byteOffset": 66552,
      "componentType": 5126,
      "count": 3478,
      "max": [
        1.0,
        1.0,
        1.0
      ],
      "min": [
        -1.0,
        -1.0,
        -1.0
      ],
      "type": "VEC3"
    },
    {
      "bufferView": 1,
      "byteOffset": 16544,
      "componentType": 5126,
      "count": 3478,
      "max": [
        1.0,
        1.0
      ],
      "min": [
        0.0,
        0.0
      ],
      "type": "VEC2"
    },
    {
      "bufferView": 0,
      "byteOffset": 15528,
      "componentType": 5125,
      "count": 8796,
      "type": "SCALAR"
    },
    {
      "bufferView": 2,
      "byteOffset": 108288,
      "componentType": 5126,
      "count": 154,
      "max": [
        2.3843462467193604,
        8.128597259521484,
        2.756924867630005
      ],
      "min": [
        -2.713587760925293,
        0.22046874463558197,
        0.4675477147102356
      ],
      "type": "VEC3"
    },
    {
      "bufferView": 2,
      "byteOffset": 110136,
      "componentType": 5126,
      "count": 154,
      "max": [
        0.9659258127212524,
        1.0,
        1.0
      ],
      "min": [
        -0.9659258723258972,
        -1.0,
        -1.0
      ],
      "type": "VEC3"
    },
    {
      "bufferView": 1,
      "byteOffset": 44368,
      "componentType": 5126,
      "count": 154,
      "max": [
        1.0,
        1.0
      ],
      "min": [
        0.0,
        0.0
      ],
      "type": "VEC2"
    },
    {
      "bufferView": 0,
      "byteOffset": 50712,
      "componentType": 5125,
      "count": 348,
      "type": "SCALAR"
    }
  ],
  "asset": {
    "extras": {
      "author": "Umar.Km (https://sketchfab.com/Umar.Km)",
      "license": "CC-BY-4.0 (http://creativecommons.org/licenses/by/4.0/)",
      "source": "https://sketchfab.com/3d-models/shampoo-product-design-0799ba9736ea4f34b64d908716c43fbf",
      "title": "Shampoo Product Design"
    },
    "generator": "Sketchfab-12.68.0",
    "version": "2.0"
  },
  "bufferViews": [
    {
      "buffer": 0,
      "byteLength": 52104,
      "name": "floatBufferViews",
      "target": 34963
    },
    {
      "buffer": 0,
      "byteLength": 45600,
      "byteOffset": 52104,
      "byteStride": 8,
      "name": "floatBufferViews",
      "target": 34962
    },
    {
      "buffer": 0,
      "byteLength": 111984,
      "byteOffset": 97704,
      "byteStride": 12,
      "name": "floatBufferViews",
      "target": 34962
    }
  ],
  "buffers": [
    {
      "byteLength": 209688,
      "uri": "scene.bin"
    }
  ],
  "materials": [
    {
      "doubleSided": true,
      "name": "Scene_-_Root",
      "pbrMetallicRoughness": {
        "metallicFactor": 0.0,
        "roughnessFactor": 0.6
      }
    }
  ],
  "meshes": [
    {
      "name": "Disc__0",
      "primitives": [
        {
          "attributes": {
            "NORMAL": 1,
            "POSITION": 0,
            "TEXCOORD_0": 2,
            "TEXCOORD_1": 3
          },
          "indices": 4,
          "material": 0,
          "mode": 4
        }
      ]
    },
    {
      "name": "Disc_1_Cloner__0",
      "primitives": [
        {
          "attributes": {
            "NORMAL": 6,
            "POSITION": 5,
            "TEXCOORD_0": 7
          },
          "indices": 8,
          "material": 0,
          "mode": 4
        }
      ]
    },
    {
      "name": "Disc_1__0",
      "primitives": [
        {
          "attributes": {
            "NORMAL": 10,
            "POSITION": 9,
            "TEXCOORD_0": 11
          },
          "indices": 12,
          "material": 0,
          "mode": 4
        }
      ]
    }
  ],
  "nodes": [
    {
      "children": [
        1
      ],
      "matrix": [
        1.0,
        0.0,
        0.0,
        0.0,
        0.0,
        2.220446049250313e-16,
        -1.0,
        0.0,
        0.0,
        1.0,
        2.220446049250313e-16,
        0.0,
        0.0,
        0.0,
        0.0,
        1.0
      ],
      "name": "Sketchfab_model"
    },
    {
      "children": [
        2
      ],
      "matrix": [
        1.0,
        0.0,
        0.0,
        0.0,
        0.0,
        0.0,
        1.0,
        0.0,
        0.0,
        -1.0,
        0.0,
        0.0,
        0.0,
        0.0,
        0.0,
        1.0
      ],
      "name": "12640f835a374f5886a0d145e7c5eb4e.fbx"
    },
    {
      "children": [
        3,
        7,
        11,
        15,
        18,
        20,
        25
      ],
      "name": "RootNode"
    },
    {
      "children": [
        4
      ],
      "matrix": [
        0.0,
        0.0,
        1.0,
        0.0,
        1.0,
        0.0,
        0.0,
        0.0,
        0.0,
        1.0,
        0.0,
        0.0,
        -1.103078842163086,
        75.44371032714844,
        0.0,
        1.0
      ],
      "name": "RS_Area_Light_2"
    },
    {
      "children": [
        5
      ],
      "matrix": [
        1.0,
        0.0,
        0.0,
        0.0,
        0.0,
        1.0,
        -2.2958450216584675e-49,
        0.0,
        0.0,
        2.2958450216584675e-49,
        1.0,
        0.0,
        0.0,
        0.0,
        0.0,
        1.0
      ],
      "name": "Light"
    },
    {
      "children": [
        6
      ],
      "matrix": [
        1.0,
        0.0,
        0.0,
        0.0,
        0.0,
        2.220446049250313e-16,
        1.0,
        0.0,
        0.0,
        -1.0,
        2.220446049250313e-16,
        0.0,
        0.0,
        0.0,
        0.0,
        1.0
      ],
      "name": "Object_5"
    },
    {
      "name": "Object_6"
    },
    {
      "children": [
        8
      ],
      "matrix": [
        2.220446049250313e-16,
        0.0,
        -1.0,
        0.0,
        0.0,
        1.0,
        0.0,
        0.0,
        1.0,
        0.0,
        2.220446049250313e-16,
        0.0,
        82.83097076416016,
        0.0,
        0.0,
        1.0
      ],
      "name": "RS_Area_Light_1"
    },
    {
      "children": [
        9
      ],
      "name": "Light_2"
    },
    {
      "children": [
        10
      ],
      "matrix": [
        1.0,
        0.0,
        0.0,
        0.0,
        0.0,
        2.220446049250313e-16,
        1.0,
        0.0,
        0.0,
        -1.0,
        2.220446049250313e-16,
        0.0,
        0.0,
        0.0,
        0.0,
        1.0
      ],
      "name": "Object_9"
    },
    {
      "name": "Object_10"
    },
    {
      "children": [
        12
      ],
      "matrix": [
        2.220446049250313e-16,
        0.0,
        1.0,
        0.0,
        0.0,
        1.0,
        0.0,
        0.0,
        -1.0,
        0.0,
        2.220446049250313e-16,
        0.0,
        -52.25578689575195,
        0.0,
        0.0,
        1.0
      ],
      "name": "RS_Area_Light"
    },
    {
      "children": [
        13
      ],
      "name": "Light_3"
    },
    {
      "children": [
        14
      ],
      "matrix": [
        1.0,
        0.0,
        0.0,
        0.0,
        0.0,
        2.220446049250313e-16,
        1.0,
        0.0,
        0.0,
        -1.0,
        2.220446049250313e-16,
        0.0,
        0.0,
        0.0,
        0.0,
        1.0
      ],
      "name": "Object_13"
    },
    {
      "name": "Object_14"
    },
    {
      "children": [
        16
      ],
      "matrix": [
        0.8808783382065873,
        -0.4733427439798788,
        2.411265631607762e-16,
        0.0,
        0.47242110965411216,
        0.8791632010810249,
        0.062372758622196066,
        0.0,
        -0.029523692715825153,
        -0.05494281196448055,
        0.9980529239383337,
        0.0,
        -7.221333026885986,
        2.944878578186035,
        12.243096351623535,
        1.0
      ],
      "name": "Subdivision_Surface"
    },
    {
      "children": [
        17
      ],
      "matrix": [
        1.0,
        -9.603258895629501e-17,
        7.403807781993651e-18,
        0.0,
        9.603258895629501e-17,
        1.0,
        -1.3877787807814457e-17,
        0.0,
        -7.403807781993651e-18,
        1.3877787807814457e-17,
        1.0,
        0.0,
        0.0,
        0.0,
        0.0,
        1.0
      ],
      "name": "Disc"
    },
    {
      "mesh": 0,
      "name": "Disc__0"
    },
    {
      "children": [
        19
      ],
      "matrix": [
        -0.0429930640189502,
        -0.1487145617717005,
        -0.9879451278098969,
        0.0,
        -0.006465576097934453,
        0.9888801641842407,
        -0.14857394525511855,
        0.0,
        0.999054449352979,
        -1.473546282215743e-08,
        -0.04347651352184889,
        0.0,
        2.5918562412261963,
        16.82218360900879,
        57.091400146484375,
        1.0
      ],
      "name": "Camera"
    },
    {
      "name": "Object_19"
    },
    {
      "children": [
        21
      ],
      "name": "Null"
    },
    {
      "children": [
        22
      ],
      "name": "Null_2"
    },
    {
      "children": [
        23
      ],
      "matrix": [
        0.8808783382065873,
        -0.4733427439798788,
        2.411265631607762e-16,
        0.0,
        0.47242110965411216,
        0.8791632010810249,
        0.062372758622196066,
        0.0,
        -0.029523692715825153,
        -0.05494281196448055,
        0.9980529239383337,
        0.0,
        0.3920849859714508,
        17.113248825073242,
        13.248279571533203,
        1.0
      ],
      "name": "Boole"
    },
    {
      "children": [
        24
      ],
      "matrix": [
        1.0,
        -9.603258895629501e-17,
        7.403807781993651e-18,
        0.0,
        9.603258895629501e-17,
        1.0,
        -1.3877787807814457e-17,
        0.0,
        -7.403807781993651e-18,
        1.3877787807814457e-17,
        1.0,
        0.0,
        -1.7763568394002505e-15,
        -1.3227628469467163,
        -1.7763568394002505e-15,
        1.0
      ],
      "name": "Disc_1_Cloner"
    },
    {
      "mesh": 1,
      "name": "Disc_1_Cloner__0"
    },
    {
      "children": [
        26
      ],
      "matrix": [
        0.5252014175052929,
        -0.3376364146880255,
        0.7811306693038282,
        0.0,
        0.47242110965411244,
        0.8791632010810249,
        0.06237275862219527,
        0.0,
        -0.7078006542831168,
        0.3362643563352816,
        0.6212443291127981,
        0.0,
        -6.059038162231445,
        5.037611484527588,
        12.3447847366333,
        1.0
      ],
      "name": "Disc_1"
    },
    {
      "mesh": 2,
      "name": "Disc_1__0"
    }
  ],
  "scene": 0,
  "scenes": [
    {
      "name": "Sketchfab_Scene",
      "nodes": [
        0
      ]
    }
  ]
}
